-0.3067108253612689 0.6279190494172429 -0.28048030664158774 -0.9449309218706079 0.20730021213099903 0.7719467770983337 0.7551121783567836 -0.9374610231475333 -0.5972658533505817 -0.3567471136229887 0.123716844613033 
0.18987680733532497 0.15277237490523143 -0.30135387652215173 0.8921504056246115 0.7624773811854215 -0.12666227548886178 -0.6269738974252892 -0.8133682392026864 -0.19169253693558375 -0.9173718587110213 -0.6837450150621978 
-0.9747637430000393 -0.41565760968079046 -0.11067852549776558 0.99731653898122 -0.35101081765170594 -0.9888924883924544 0.09843180639873417 0.7843790514449298 -0.42341452394310863 -0.3324656442040599 0.3463337600244458 
-0.9073588919993787 0.4277637430767385 -0.04072633019888583 0.5054809479756457 0.4576068632659007 -0.16354668111785586 -0.06547998223311513 0.9530759278110921 -0.7587793421243696 0.9712914760621729 0.6256740019548592 
0.49600760300062996 0.5276969935061158 -0.6543212362291273 -0.013350871580331436 -0.9430287075060744 -0.2096515851107963 -0.13086967290593798 -0.06067508886710127 -0.6116108233753712 -0.8036113635626705 -0.3074715940269819 
0.2258934810543387 0.808017478815787 0.8729005549061064 -0.32115001658492925 -0.7782072968185025 -0.7217917422885696 -0.9591642992729956 -0.1378263556257131 -0.22318499665310254 0.9953892079653053 -0.40754490535056753 
-0.47695311473960333 0.3177042538060857 0.6845462367107424 0.8924815380647833 0.9369959476715266 0.25921348512103215 0.6701305779991065 -0.0754431753472935 0.7420664666895922 -0.8020685723687468 0.5916882697020258 
-0.6051854537128545 -0.2296005828919243 0.9903974474350024 0.16579431322760296 0.13468556323456893 -0.37305463290737517 -0.7365793910060818 0.4785393311995889 -0.9469119016323335 -0.20248586240819955 0.6002277619110012 
0.8121810167893337 -0.8407171139460812 0.905198330384245 -0.6788325570548153 0.41654256012675805 -0.14027751345025252 0.03518994141288623 -0.39960307641106074 0.5162094772766046 -0.2627175520755949 0.6606347751629189 
0.2540246213909685 0.27257740461472313 0.08477314848597595 0.43771113381656734 0.7807732942815677 0.07685487758669374 -0.25815569374329805 -0.11400919000620835 0.8526521937328368 -0.9447101474671789 0.9609048124286046 
-0.6794425674171982 -0.49626405769308857 -0.7441093014041262 0.4813703456277927 -0.7929355786472236 -0.8844601747803662 -0.4976497637090662 -0.32647193474096436 0.9208480876457958 -0.7510682430699107 0.9839011447279069 
