-0.7434622103793682 0.0971547601090963 0.7652176781288917 -0.7596438095590157 0.09768033776083418 0.00861028047858392 -0.6620060961734129 0.6907696557288576 0.538518050665844 -0.045958850865072565 -0.1518827794328037 
0.7214253661569654 -0.9935914730234148 -0.2013214872535849 0.45667759636408745 -0.7174608673924956 -0.0052446307736162545 -0.13790597212782907 -0.3637556796380288 0.2894060418193818 -0.8091126840551655 -0.014688054815321205 
0.7035888465477653 0.9012406409198324 0.1680294383732186 0.816001840111862 -0.05215663945154447 -0.3041672261977406 0.8941080757076112 0.40576630967602445 -0.6922273861327661 0.6735354906509563 0.30015560181667156 
0.7764640666962959 -0.9496493806526005 -0.39652823759154243 -0.6171735545077133 0.2828464117674967 -0.9220121345340992 0.9253082139978053 -0.11637998982467179 0.6656117840299918 0.5548477770121272 -0.5258635816317743 
0.45751548199792347 -0.5736457189056765 -0.06747465583074552 0.9087534064562692 0.7477334675305023 0.15409249628844912 0.8365508731167766 -0.3650675830720742 0.5447923802113877 0.44806959011532177 0.5687147234916439 
0.5341123706706654 0.8504285448716158 -0.9050385041164459 0.6923359242985394 0.6930968198756464 -0.23736633850137712 0.373370706604885 0.5273466466523771 -0.9819258314879142 -0.37509495033274765 -0.43741931203367557 
-0.1539179898435803 0.5709900022485621 -0.1175688925100733 0.07630053567865791 0.5683002825015313 -0.11926370730093283 0.5301018439698881 0.25096188855216917 -0.668428145731889 0.2854938603085295 -0.18764103458901848 
0.49490621523157574 -0.3990808592849173 0.10750997878321811 -0.481002125926574 0.2989093633202897 -0.8278199957176884 -0.8716422683995584 -0.8089647849071591 -0.45344849880128324 0.2028795104509431 -0.043185057555147566 
0.6363574380844577 0.43809075903638806 0.5175609454753116 0.4639642796947776 -0.758958682586153 0.6742666724323108 0.059173780480414884 -0.5968668146827008 0.20680339838936868 -0.801389651982263 -0.205375272650405 
-0.5770231129363785 0.922413629155137 0.6497917905809074 0.37448436981923994 -0.164830509512373 0.995044851109236 0.7586130380236318 0.40825340199938287 -0.24987461393742882 0.846028846318593 -0.2086113916244141 
-0.9918362635780411 -0.5698984940001206 0.7736513724783636 0.22443944130850246 -0.9519466412667326 0.27729549368441786 0.465505617732616 0.7402428794864426 0.5365573195062721 -0.8680968762087333 0.8008866481785741 
